0 0.506510 0.602778 0.045312 0.050000
0 0.642188 0.487037 0.041667 0.059259
0 0.952865 0.576852 0.047396 0.075926
0 0.757552 0.458796 0.034896 0.049074
0 0.814844 0.346759 0.041146 0.049074
0 0.836198 0.237500 0.041146 0.036111
0 0.791406 0.203704 0.039062 0.038889
0 0.641667 0.250463 0.038542 0.034259
0 0.563542 0.243519 0.034375 0.033333
0 0.016146 0.472222 0.031250 0.046296
0 0.113802 0.425000 0.055729 0.053704
0 0.216927 0.430093 0.044271 0.058333
0 0.303646 0.263889 0.028125 0.046296
0 0.310156 0.115741 0.020313 0.038889
