0 0.310417 0.541667 0.047917 0.053704
0 0.496615 0.599074 0.058854 0.048148
0 0.623437 0.631019 0.050000 0.060185
0 0.657813 0.467130 0.039583 0.058333
0 0.953385 0.579167 0.053646 0.080556
0 0.698438 0.237037 0.036458 0.040741
0 0.780469 0.218056 0.038021 0.041667
0 0.973437 0.153704 0.039583 0.035185
0 0.374740 0.295370 0.039062 0.046296
0 0.326562 0.171296 0.020833 0.048148
0 0.290365 0.065278 0.021354 0.036111
0 0.285938 0.294907 0.044792 0.054630
0 0.226562 0.346296 0.038542 0.050000
0 0.038021 0.466204 0.055208 0.062037
