0 0.582552 0.566667 0.051562 0.061111
0 0.695573 0.537963 0.038021 0.072222
0 0.401823 0.593519 0.045312 0.059259
0 0.132812 0.414815 0.041667 0.055556
0 0.213542 0.362500 0.047917 0.058333
0 0.299479 0.354630 0.038542 0.053704
0 0.954167 0.578704 0.046875 0.074074
0 0.727344 0.401389 0.040104 0.049074
0 0.958073 0.197222 0.040104 0.038889
0 0.873698 0.179630 0.039062 0.040741
0 0.712240 0.239815 0.036979 0.038889
0 0.631510 0.249074 0.035937 0.035185
0 0.324740 0.214352 0.019271 0.045370
0 0.302083 0.091204 0.020833 0.037963
